14,74,96,40
30,74,96,40
47,74,96,40
63,74,96,38
79,74,96,37
95,74,96,36
111,74,96,34
127,74,96,33
143,74,96,32
159,74,96,31
175,74,96,29
191,74,96,29
208,74,96,28
224,74,96,27
240,74,96,27
256,74,96,26
272,74,96,26
288,74,96,26
304,74,96,25
320,74,96,25
336,74,96,27
352,74,96,32
368,74,96,40
385,74,96,49
401,74,96,58
417,74,96,67
433,74,96,74
449,74,96,76
465,74,97,74
481,74,97,70
497,74,97,65
513,74,97,61
529,74,97,57
546,74,97,53
562,74,97,50
578,74,97,46
594,74,97,44
610,74,97,42
626,74,97,41
642,74,97,40
658,74,97,41
674,74,97,42
690,74,97,43
706,74,97,43
722,74,97,43
738,74,97,43
755,74,97,43
771,74,97,42
787,74,97,41
803,74,97,40
819,74,97,38
835,74,97,36
851,74,97,35
867,74,97,33
883,74,97,32
899,74,97,30
915,74,97,29
932,74,97,28
948,74,97,27
964,74,97,27
980,74,97,26
996,74,97,26
1012,74,97,26
1028,74,97,25
1044,74,97,25
1060,74,97,25
1076,74,97,25
1092,74,97,27
1109,74,97,34
1125,74,97,42
1141,74,97,52
1157,74,97,62
1173,74,97,62
1189,74,97,70
1205,74,97,76
1221,74,97,76
1237,73,97,73
1254,73,97,69
1270,73,97,64
1286,73,97,59
1302,73,97,55
1318,73,97,51
1334,73,97,48
1350,73,97,45
1366,73,97,42
1382,73,97,41
1398,73,97,40
1414,73,97,40
1431,73,97,40
1447,73,97,41
1463,73,97,42
1479,73,97,42
1495,73,97,42
1511,73,97,42
1527,73,97,40
1543,73,97,40
1559,73,97,38
1575,73,97,37
1592,73,97,35
1608,73,97,34
1624,73,97,34
1640,73,97,32
1656,73,97,31
1672,73,97,30
1688,73,97,29
1704,73,97,28
1720,73,97,27
1736,73,97,26
1752,73,97,26
1769,73,97,25
1785,73,97,25
1801,73,97,25
1817,73,97,25
1833,73,97,25
1849,73,97,29
1865,73,97,36
1881,73,97,44
1897,73,97,54
1913,73,97,63
1929,73,97,71
1946,73,97,75
1962,73,97,74
1978,73,97,71
1994,72,96,67
2010,72,96,62
2026,72,96,58
2042,72,96,54
2058,72,96,54
2074,72,96,50
2090,72,96,47
2106,72,96,44
2123,72,96,42
2139,72,96,40
2155,72,96,40
2171,72,96,40
2187,72,96,41
2203,72,96,42
2219,72,96,43
2235,72,96,43
2252,72,96,43
2268,72,96,42
2284,72,96,41
2300,72,96,40
2316,72,96,39
2332,72,96,37
2348,72,96,36
2364,72,96,34
2380,72,96,33
2396,72,96,31
2413,72,96,30
2429,72,96,29
2445,72,96,28
2461,72,96,28
2477,72,96,27
2493,72,96,26
2509,72,96,26
2525,72,96,26
2541,72,96,29
2557,72,96,36
2574,72,96,44
2590,72,96,53
2606,72,96,63
2622,72,96,71
2638,72,96,76
2654,72,96,77
2670,72,96,75
2686,72,96,71
2702,72,96,67
2718,72,96,63
2735,72,96,59
2751,72,96,55
2767,72,96,52
2783,72,96,49
2799,72,96,46
2815,72,96,44
2831,72,96,43
2847,72,96,43
2863,72,96,43
2879,72,96,44
2896,72,96,45
2912,72,96,45
2928,72,96,45
2944,72,96,45
2960,72,96,45
2976,72,96,43
2992,72,96,41
3008,72,96,40
3024,72,96,39
3040,72,96,37
3057,72,96,35
3073,72,96,33
3089,72,96,32
3105,72,96,30
3121,72,96,29
3137,72,96,28
3153,72,96,27
3169,72,96,26
3185,72,96,26
3201,72,96,27
3217,72,96,32
3234,72,96,40
3250,72,96,49
3266,72,96,58
3282,72,96,67
3298,72,96,74
3314,72,96,76
3330,72,96,75
3346,72,96,72
3362,72,96,68
3378,72,96,65
3395,72,96,61
3411,72,96,61
3427,72,96,58
3443,72,96,54
3459,72,96,51
3475,72,96,48
3491,72,96,46
3507,72,96,44
3523,72,96,43
3539,72,96,43
3556,72,96,44
3572,72,96,44
3588,72,96,45
3604,72,96,45
3620,72,96,44
3636,72,96,43
3652,72,96,41
3668,72,96,40
3684,72,96,38
3700,72,96,37
3717,72,96,35
3733,72,96,33
3749,72,96,31
3765,72,96,30
3781,72,96,29
3797,72,96,28
3813,72,96,27
3829,72,96,26
3845,72,96,26
3861,72,96,25
3878,72,96,24
3894,72,96,25
3910,72,96,28
3926,72,96,35
3942,72,96,43
3958,72,96,52
3974,72,96,62
3990,72,96,70
4006,72,96,75
4022,72,96,75
4039,72,96,73
4055,72,96,70
4071,72,96,66
4087,72,96,62
4103,72,96,59
4119,72,96,56
4135,72,96,52
4151,72,96,49
4167,72,96,47
4183,72,96,45
4199,72,96,43
4216,72,96,43
4232,72,96,43
4248,72,96,44
4264,72,96,44
4280,72,96,44
4296,72,96,44
4312,72,96,44
4328,72,96,43
4344,72,96,41
4361,72,96,40
4377,72,96,39
4393,72,96,37
4409,72,96,35
4425,72,96,33
4441,72,96,31
4457,72,96,29
4473,72,96,28
4489,72,96,26
4505,72,96,25
4522,72,96,24
4538,72,96,23
4554,72,96,23
4570,72,96,22
4586,72,96,22
4602,72,96,22
4618,72,96,21
4634,72,96,21
4650,72,96,21
4666,72,96,21
4683,72,96,21
4699,72,96,25
4715,72,96,34
4731,72,96,43
4747,72,96,43
4763,72,96,54
4779,72,96,65
4795,72,96,74
4811,72,96,79
4827,72,96,79
4843,72,96,77
4860,72,96,73
4876,72,96,70
4892,72,96,66
4908,72,96,62
4924,72,96,58
4940,72,96,55
4956,72,96,52
4972,72,96,49
4988,72,96,47
5004,72,96,46
5020,72,96,45
5037,72,96,46
5053,72,96,46
5069,72,96,46
5085,72,96,46
5101,72,96,45
5117,72,96,44
5133,72,96,43
5149,72,96,41
5165,72,96,40
5182,72,96,38
5198,72,96,38
5214,72,96,36
5230,72,96,34
5246,72,96,32
5262,72,96,30
5278,72,96,28
5294,72,96,27
5310,72,96,25
5326,72,96,24
5343,72,96,23
5359,72,96,22
5375,72,96,22
5391,72,96,21
5407,72,96,21
5423,72,96,21
5439,72,96,20
5455,72,96,20
5471,72,96,20
5487,72,96,19
5504,72,96,19
5520,72,96,18
5536,72,96,18
5552,72,96,19
5568,72,96,24
5584,72,96,34
5600,72,96,44
5616,72,96,56
5632,72,96,56
5648,72,96,67
5664,72,96,76
5680,72,96,80
5697,72,96,80
5713,72,96,76
5729,72,96,72
5745,72,96,68
5761,72,96,64
5777,72,96,60
5793,72,96,56
5809,72,96,52
5825,72,96,49
5841,72,96,46
5857,72,96,45
5873,72,96,44
5890,72,96,44
5906,72,96,44
5922,72,96,45
5938,72,96,45
5954,72,96,45
5970,72,96,44
5986,72,96,43
6002,72,96,41
6018,72,96,40
6034,72,96,38
6050,72,96,36
6067,72,96,36
6083,72,96,34
6099,72,96,32
6115,72,96,30
6131,72,96,28
6147,72,96,26
6163,72,96,25
6179,72,96,23
6195,72,96,22
6212,72,96,21
6228,72,96,20
6244,72,96,20
6260,72,96,19
6276,72,96,18
6292,72,96,18
6308,72,96,18
6324,72,96,17
6340,72,96,17
6356,72,96,16
6373,72,96,16
6389,72,96,15
6405,72,96,14
6421,72,96,14
6437,72,96,16
6453,72,96,23
6469,72,96,34
6485,72,96,45
6501,72,96,57
6517,72,96,57
6533,72,96,68
6550,72,96,76
6566,72,96,79
6582,72,96,77
6598,72,96,73
6614,72,96,68
6630,72,96,64
6646,72,96,59
6662,72,96,55
6678,72,96,51
6694,72,96,47
6710,72,96,44
6726,72,96,41
6743,72,96,40
6759,72,96,40
6775,72,96,40
6791,72,96,40
6807,72,96,41
6823,72,96,42
6839,72,96,42
6855,72,96,41
6871,72,96,40
6887,72,96,39
6904,72,96,37
6920,72,96,35
6936,72,96,32
6952,72,96,30
6968,72,96,30
6984,72,96,28
7000,72,96,26
7016,72,96,24
7032,72,96,23
7048,72,96,21
7065,72,96,20
7081,72,96,19
7097,72,96,18
7113,72,96,17
7129,72,96,16
7145,72,96,15
7161,72,96,15
7177,72,96,15
7193,72,96,14
7209,72,96,14
7226,72,96,13
7242,72,96,13
7258,72,96,13
7274,72,96,14
7290,72,96,20
7306,72,96,29
7322,72,96,40
7338,72,96,52
7354,72,96,64
7370,72,96,74
7387,72,96,79
7403,72,96,79
7419,72,96,79
7435,72,96,75
7451,72,96,71
7467,72,96,66
7483,72,96,61
7499,72,96,57
7515,72,96,53
7531,72,96,49
7548,72,96,45
7564,72,96,42
7580,72,96,40
7596,72,96,40
7612,72,96,40
7628,72,96,40
7644,72,96,41
7660,72,96,42
7676,72,96,42
7692,72,96,42
7709,72,96,41
7725,72,96,40
7741,72,96,38
7757,72,96,36
7773,72,96,34
7789,72,96,32
7805,72,96,29
7821,72,96,27
7837,72,96,25
7853,72,96,25
7870,72,96,24
7886,72,96,22
7902,72,96,21
7918,72,96,20
7934,72,96,19
7950,72,96,18
7966,72,96,17
7982,72,96,17
7998,72,96,16
8014,72,96,16
8030,72,96,16
8047,72,96,19
8063,72,96,27
8079,72,96,38
8095,72,96,49
8111,72,96,62
8127,72,96,74
8143,72,96,82
8159,72,96,85
8175,72,96,84
8191,72,96,80
8207,70,95,76
8224,70,95,71
8240,70,95,67
8256,70,95,62
8272,70,95,58
8288,70,95,54
8304,70,95,54
8320,70,95,51
8336,70,95,48
8352,70,95,46
8368,70,95,45
8385,70,95,45
8401,70,95,45
8417,70,95,46
8433,70,95,46
8449,70,95,46
8465,70,95,45
8481,70,95,43
8497,70,95,41
8513,70,95,40
8529,70,95,38
8545,70,95,35
8562,70,95,33
8578,70,95,31
8594,70,95,29
8610,70,95,26
8626,70,95,25
8642,70,95,23
8658,70,95,21
8674,70,95,20
8690,70,95,19
8706,70,95,18
8722,70,95,17
8738,70,95,17
8754,70,95,17
8771,70,95,17
8787,70,95,18
8803,70,95,23
8819,70,95,33
8835,70,95,44
8851,70,95,57
8867,70,95,69
8883,70,95,79
8899,70,95,84
8915,70,95,84
8931,69,96,81
8947,69,96,77
8964,69,96,73
8980,69,96,69
8996,69,96,65
9012,69,96,61
9028,69,96,57
9044,69,96,54
9060,69,96,51
9076,69,96,49
9092,69,96,47
9108,69,96,47
9125,69,96,47
9141,69,96,47
9157,69,96,47
9173,69,96,47
9189,69,96,47
9205,69,96,46
9221,69,96,45
9237,69,96,43
9253,69,96,41
9269,69,96,40
9285,69,96,37
9302,69,96,35
9318,69,96,33
9334,69,96,31
9350,69,96,29
9366,69,96,27
9382,69,96,25
9398,69,96,23
9414,69,96,22
9430,69,96,21
9446,69,96,20
9462,69,96,19
9479,69,96,18
9495,69,96,18
9511,69,96,17
9527,69,96,16
9543,69,96,17
9559,69,96,21
9575,69,96,29
9591,69,96,40
9607,69,96,52
9623,69,96,52
9640,69,96,65
9656,69,96,76
9672,69,96,82
9688,69,96,84
9704,69,96,83
9720,74,97,79
9736,74,97,75
9752,74,97,71
9768,74,97,67
9784,74,97,63
9800,74,97,59
9816,74,97,56
9833,74,97,53
9849,74,97,51
9865,74,97,49
9881,74,97,48
9897,74,97,48
9913,74,97,48
9929,74,97,48
9945,74,97,48
9961,74,97,47
9977,74,97,46
9994,74,97,44
10010,74,97,42
10026,74,97,40
10042,74,97,38
10058,74,97,38
10074,74,97,36
10090,74,97,34
10106,74,97,32
10122,74,97,30
10138,74,97,28
10155,74,97,26
10171,74,97,24
10187,74,97,23
10203,74,97,22
10219,74,97,21
10235,74,97,20
10251,74,97,19
10267,74,97,18
10283,74,97,18
10299,74,97,17
10315,74,97,16
10332,74,97,16
10348,74,97,15
10364,74,97,15
10380,74,97,20
10396,74,97,29
10412,74,97,40
10428,74,97,52
10444,74,97,64
10460,74,97,75
10476,74,97,82
10493,74,97,83
10509,74,97,83
10525,74,97,82
10541,74,97,78
10557,74,97,74
10573,74,97,70
10589,74,97,66
10605,74,97,63
10621,74,97,59
10637,74,97,56
10654,74,97,53
10670,74,97,51
10686,74,97,49
10702,74,97,49
10718,74,97,48
10734,74,97,49
10750,74,97,48
10766,74,97,48
10782,74,97,47
10798,74,97,45
10815,74,97,44
10831,74,97,41
10847,74,97,40
10863,74,97,38
10879,74,97,36
10895,74,97,33
10911,74,97,31
10927,74,97,29
10943,74,97,28
10959,74,97,28
10976,74,97,26
10992,74,97,25
11008,74,97,23
11024,74,97,22
11040,74,97,21
11056,74,97,20
11072,74,97,19
11088,74,97,19
11104,74,97,18
11120,74,97,17
11137,74,97,16
11153,74,97,16
11169,74,97,15
11185,74,97,14
11201,74,97,13
11217,74,97,13
11233,74,97,17
11249,74,97,26
11265,74,97,37
11281,74,97,49
11297,74,97,62
11314,74,97,73
11330,74,97,80
11346,74,97,82
11362,74,97,80
11378,74,97,76
11394,74,97,72
11410,74,97,72
11426,74,97,68
11442,74,97,64
11458,74,97,60
11475,74,97,56
11491,74,97,53
11507,74,97,50
11523,74,97,48
11539,74,97,47
11555,74,97,47
11571,74,97,47
11587,74,97,48
11603,74,97,48
11619,74,97,47
11636,74,97,46
11652,74,97,45
11668,74,97,43
11684,74,97,41
11700,74,97,40
11716,74,97,37
11732,74,97,35
11748,74,97,33
11764,74,97,30
11780,74,97,28
11797,74,97,27
11813,74,97,25
11829,74,97,23
11845,74,97,23
11861,74,97,22
11877,74,97,21
11893,74,97,20
11909,74,97,19
11925,74,97,19
11941,74,97,18
11958,74,97,18
11974,74,97,17
11990,74,97,16
12006,74,97,15
12022,74,97,15
12038,74,97,14
12054,74,97,14
12070,74,97,18
12086,74,97,27
12103,74,97,39
12119,74,97,50
12135,74,97,63
12151,74,97,75
12167,74,97,82
12183,74,97,84
12199,74,97,82
12215,74,97,78
12232,74,97,74
12248,74,97,70
12264,74,97,66
12280,74,97,62
12296,74,97,62
12312,74,97,59
12328,74,97,55
12344,74,97,52
12360,74,97,50
12376,74,97,49
12392,74,97,48
12409,74,97,49
12425,74,97,49
12441,74,97,49
12457,74,97,48
12473,74,97,47
12489,74,97,46
12505,74,97,44
12521,74,97,41
12537,74,97,40
12553,74,97,38
12570,74,97,35
12586,74,97,33
12602,74,97,31
12618,74,97,29
12634,74,97,27
12650,74,97,25
12666,74,97,24
12682,74,97,23
12698,74,97,21
12714,74,97,21
12731,74,97,20
12747,74,97,20
12763,74,97,19
12779,74,97,18
12795,74,97,18
12811,74,97,17
12827,74,97,16
12843,74,97,15
12859,74,97,14
12876,74,97,15
12892,74,97,20
12908,74,97,30
12924,74,97,41
12940,74,97,54
12956,74,97,67
12972,74,97,78
12988,74,97,84
13004,74,97,85
13020,74,97,83
13036,74,97,80
13052,74,97,77
13068,74,97,73
13085,74,97,69
13101,74,97,65
13117,74,97,62
13133,74,97,59
13149,74,97,56
13165,74,97,53
13181,74,97,53
13197,74,97,51
13213,74,97,50
13229,74,97,50
13245,74,97,50
13262,74,97,49
13278,74,97,49
13294,74,97,48
13310,74,97,46
13326,74,97,44
13342,74,97,42
13358,74,97,40
13374,74,97,38
13390,74,97,36
13407,74,97,34
13423,74,97,31
13439,74,97,29
13455,74,97,28
13471,74,97,26
13487,74,97,24
13503,74,97,23
13519,74,97,22
13535,74,97,21
13551,74,97,20
13568,74,97,19
13584,74,97,18
13600,74,97,17
13616,74,97,16
13632,74,97,16
13648,74,97,16
13664,74,97,15
13680,74,97,14
13696,74,97,12
13713,74,97,11
13729,74,97,11
13745,74,97,14
13761,74,97,22
13777,74,97,34
13793,74,97,47
13809,74,97,60
13825,74,97,73
13841,74,97,83
13857,74,97,86
13874,74,97,86
13890,74,97,83
13906,74,97,79
13922,74,97,75
13938,74,97,72
13954,74,97,68
13970,74,97,64
13986,74,97,61
14002,74,97,58
14018,74,97,55
14035,74,97,53
14051,74,97,51
14067,74,97,51
14083,74,97,51
14099,74,97,50
14115,74,97,50
14131,74,97,49
14147,74,97,48
14163,74,97,47
14179,74,97,45
14195,74,97,43
14212,74,97,40
14228,74,97,39
14244,74,97,37
14260,74,97,34
14276,74,97,32
14292,74,97,30
14308,74,97,28
14324,74,97,26
14340,74,97,25
14356,74,97,23
14373,74,97,22
14389,74,97,20
14405,74,97,19
14421,74,97,18
14437,74,97,17
14453,74,97,16
14469,74,97,15
14485,74,97,15
14501,74,97,14
14517,74,97,13
14533,74,97,13
14549,74,97,12
14566,74,97,11
14582,74,97,10
14598,74,97,8
14614,74,97,8
14630,74,97,9
14646,74,97,15
14662,74,97,27
14678,74,97,40
14694,74,97,54
14710,74,97,69
14726,74,97,81
14743,74,97,87
14759,74,97,88
14775,74,97,86
14791,74,97,83
14807,74,97,78
14823,74,97,74
14839,74,97,70
14855,74,97,66
14871,74,97,63
14887,74,97,59
14904,74,97,56
14920,74,97,54
14936,74,97,53
14952,74,97,52
14968,74,97,52
14984,74,97,52
15000,74,97,51
15016,74,97,51
15032,74,97,50
15048,74,97,49
15064,74,97,47
15081,74,97,45
15097,74,97,43
15113,74,97,40
15129,74,97,39
15145,74,97,36
15161,74,97,34
15177,74,97,31
15193,74,97,29
15209,74,97,28
15225,74,97,26
15241,74,97,25
15257,74,97,23
15274,74,97,22
15290,74,97,22
15306,74,97,21
15322,74,97,20
15338,74,97,19
15354,74,97,18
15370,74,97,18
15386,74,97,17
15402,74,97,17
15418,74,97,16
15434,74,97,14
15451,74,97,13
15467,74,97,12
15483,74,97,11
15499,74,97,9
15515,74,97,10
15531,74,97,15
15547,74,97,25
15563,74,97,38
15579,74,97,51
15595,74,97,65
15612,74,97,77
15628,74,97,83
15644,74,97,85
15660,74,97,83
15676,74,97,79
15692,74,97,75
15708,74,97,71
15724,74,97,66
15740,74,97,62
15756,74,97,58
15773,74,97,55
15789,74,97,52
15805,74,97,49
15821,74,97,48
15837,74,97,47
15853,74,97,47
15869,74,97,47
15885,74,97,48
15901,74,97,47
15917,74,97,47
15933,74,97,46
15950,74,97,44
15966,74,97,42
15982,74,97,40
15998,74,97,38
16014,74,97,36
16030,74,97,33
16046,74,97,31
16062,74,97,28
16078,74,97,26
16094,74,97,24
16111,74,97,22
16127,74,97,20
16143,74,97,19
16159,74,97,17
16175,74,97,16
16191,74,97,15
16207,74,97,14
16223,74,97,13
16239,74,97,13
16255,74,97,12
16272,74,97,11
16288,74,97,10
16304,74,97,10
16320,74,97,9
16336,74,97,8
16352,74,97,7
16368,74,97,7
16384,74,97,7
16400,74,97,13
16417,74,97,23
16433,74,97,37
16449,74,97,51
16465,74,97,67
16481,74,97,80
16497,74,97,89
16513,74,97,91
16529,74,97,90
16545,74,97,87
16562,78,97,82
16578,78,97,78
16594,78,97,74
16610,78,97,69
16626,78,97,66
16642,78,97,62
16658,78,97,59
16674,78,97,56
16690,78,97,54
16706,78,97,52
16723,78,97,51
16739,78,97,51
16755,78,97,51
16771,78,97,51
16787,78,97,50
16803,78,97,49
16819,78,97,47
16835,78,97,45
16851,78,97,43
16867,78,97,40
16884,78,97,38
16900,78,97,36
16916,78,97,33
16932,78,97,31
16948,78,97,28
16964,78,97,26
16980,78,97,24
16996,78,97,22
17012,78,97,21
17028,78,97,19
17045,78,97,18
17061,78,97,16
17077,78,97,15
17093,78,97,14
17109,78,97,12
17125,78,97,11
17141,78,97,10
17157,78,97,9
17173,78,97,8
17189,78,97,6
17205,78,97,6
17222,78,97,5
17238,78,97,4
17254,78,97,3
17270,78,97,4
17286,78,97,8
17302,78,97,18
17318,78,97,32
17334,78,97,46
17350,78,97,62
17366,78,97,77
17383,78,97,87
17399,78,97,91
17415,78,97,90
17431,77,98,87
17447,77,98,83
17463,77,98,78
17479,77,98,74
17495,77,98,70
17511,77,98,66
17527,77,98,62
17543,77,98,59
17560,77,98,56
17576,77,98,54
17592,77,98,52
17608,77,98,51
17624,77,98,51
17640,77,98,51
17656,77,98,50
17672,77,98,49
17688,77,98,48
17704,77,98,47
17721,77,98,45
17737,77,98,43
17753,77,98,40
17769,77,98,38
17785,77,98,35
17801,77,98,32
17817,77,98,30
17833,77,98,27
17849,77,98,25
17865,77,98,23
17882,77,98,21
17898,77,98,19
17914,77,98,17
17930,77,98,16
17946,77,98,14
17962,77,98,13
17978,77,98,12
17994,77,98,11
18010,77,98,10
18026,77,98,9
18042,77,98,8
18059,77,98,8
18075,77,98,7
18091,77,98,7
18107,77,98,6
18123,77,98,6
18139,77,98,5
18155,77,98,4
18171,77,98,5
18187,77,98,11
18203,77,98,22
18220,77,98,36
18236,77,98,51
18252,77,98,67
18268,77,98,81
18284,77,98,90
18300,77,98,93
18316,77,98,91
18332,77,98,88
18349,75,98,83
18365,75,98,78
18381,75,98,74
18397,75,98,69
18413,75,98,65
18429,75,98,61
18445,75,98,58
18461,75,98,55
18477,75,98,53
18494,75,98,52
18510,75,98,52
18526,75,98,52
18542,75,98,52
18558,75,98,52
18574,75,98,51
18590,75,98,50
18606,75,98,48
18622,75,98,45
18638,75,98,43
18655,75,98,40
18671,75,98,38
18687,75,98,35
18703,75,98,32
18719,75,98,30
18735,75,98,27
18751,75,98,25
18767,75,98,23
18783,75,98,21
18800,75,98,19
18816,75,98,18
18832,75,98,16
18848,75,98,15
18864,75,98,14
18880,75,98,13
18896,75,98,12
18912,75,98,12
18928,75,98,11
18944,75,98,10
18961,75,98,9
18977,75,98,8
18993,75,98,8
19009,75,98,7
19025,75,98,7
19041,75,98,11
19057,75,98,20
19073,75,98,33
19089,75,98,47
19105,75,98,62
19122,75,98,77
19138,75,98,87
19154,75,98,92
19170,75,98,92
19186,74,98,89
19202,74,98,84
19218,74,98,80
19234,74,98,75
19250,74,98,71
19266,74,98,67
19283,74,98,62
19299,74,98,59
19315,74,98,56
19331,74,98,54
19347,74,98,52
19363,74,98,51
19379,74,98,51
19395,74,98,50
19411,74,98,50
19427,74,98,48
19444,74,98,48
19460,74,98,47
19476,74,98,45
19492,74,98,42
19508,74,98,40
19524,74,98,38
19540,74,98,35
19556,74,98,32
19572,74,98,29
19589,74,98,26
19605,74,98,24
19621,74,98,22
19637,74,98,20
19653,74,98,18
19669,74,98,16
19685,74,98,14
19701,74,98,13
19717,74,98,12
19733,74,98,11
19750,74,98,10
19766,74,98,9
19782,74,98,8
19798,74,98,8
19814,74,98,7
19830,74,98,6
19846,74,98,5
19862,74,98,5
19878,74,98,8
19894,74,98,8
19911,74,98,17
19927,74,98,29
19943,74,98,43
19959,74,98,59
19975,74,98,74
19991,74,98,86
20007,74,98,92
20023,74,98,93
20039,74,98,90
20055,73,98,87
20072,73,98,82
20088,73,98,78
20104,73,98,74
20120,73,98,70
20136,73,98,66
20152,73,98,62
20168,73,98,59
20184,73,98,57
20200,73,98,55
20216,73,98,54
20232,73,98,53
20249,73,98,52
20265,73,98,51
20281,73,98,50
20297,73,98,49
20313,73,98,47
20329,73,98,45
20345,73,98,45
20361,73,98,42
20377,73,98,40
20394,73,98,38
20410,73,98,35
20426,73,98,33
20442,73,98,30
20458,73,98,28
20474,73,98,26
20490,73,98,24
20506,73,98,23
20523,73,98,21
20539,73,98,20
20555,73,98,19
20571,73,98,18
20587,73,98,17
20603,73,98,16
20619,73,98,15
20635,73,98,14
20651,73,98,13
20667,73,98,12
20684,73,98,11
20700,73,98,10
20716,73,98,9
20732,73,98,9
20748,73,98,13
20764,73,98,22
20780,73,98,35
20796,73,98,35
20812,73,98,48
20828,73,98,63
20844,73,98,77
20860,73,98,86
20876,73,98,90
20893,73,98,89
20909,72,98,86
20925,72,98,82
20941,72,98,77
20957,72,98,73
20973,72,98,69
20989,72,98,65
21005,72,98,61
21021,72,98,58
21037,72,98,56
21053,72,98,54
21069,72,98,52
21085,72,98,52
21101,72,98,51
21118,72,98,51
21134,72,98,50
21150,72,98,49
21166,72,98,47
21182,72,98,45
21198,72,98,43
21214,72,98,43
21230,72,98,40
21246,72,98,38
21262,72,98,36
21278,72,98,33
21294,72,98,31
21311,72,98,28
21327,72,98,26
21343,72,98,24
21359,72,98,22
21375,72,98,21
21391,72,98,20
21407,72,98,18
21423,72,98,18
21439,72,98,17
21455,72,98,16
21471,72,98,15
21488,72,98,14
21504,72,98,14
21520,72,98,12
21536,72,98,11
21552,72,98,10
21568,72,98,9
21584,72,98,11
21600,72,98,17
21616,72,98,28
21632,72,98,40
21649,72,98,53
21665,72,98,53
21681,72,98,67
21697,72,98,77
21713,72,98,83
21729,72,98,83
21745,71,98,81
21761,71,98,77
21777,71,98,73
21793,71,98,69
21810,71,98,65
21826,71,98,61
21842,71,98,57
21858,71,98,54
21874,71,98,52
21890,71,98,50
21906,71,98,49
21922,71,98,49
21938,71,98,49
21954,71,98,49
21971,71,98,49
21987,71,98,48
22003,71,98,46
22019,71,98,44
22035,71,98,42
22051,71,98,40
22067,71,98,38
22083,71,98,36
22099,71,98,33
22115,71,98,33
22131,71,98,31
22147,71,98,29
22164,71,98,27
22180,71,98,25
22196,71,98,24
22212,71,98,23
22228,71,98,22
22244,71,98,22
22260,71,98,21
22276,71,98,21
22292,71,98,20
22308,71,98,20
22325,71,98,19
22341,71,98,19
22357,71,98,19
22373,71,98,22
22389,71,98,29
22405,71,98,39
22421,71,98,50
22437,71,98,63
22453,71,98,74
22469,71,98,82
22485,71,98,85
22502,71,98,85
22518,71,98,82
22534,71,98,79
22550,71,98,79
22566,71,98,76
22582,71,98,72
22598,71,98,69
22614,71,98,65
22630,71,98,62
22646,71,98,59
22662,71,98,56
22679,71,98,54
22695,71,98,52
22711,71,98,51
22727,71,98,51
22743,71,98,50
22759,71,98,50
22775,71,98,49
22791,71,98,47
22807,71,98,45
22823,71,98,43
22839,71,98,41
22856,71,98,40
22872,71,98,37
22888,71,98,35
22904,71,98,33
22920,71,98,31
22936,71,98,29
22952,71,98,28
22968,71,98,27
22984,71,98,26
23000,71,98,26
23017,71,98,25
23033,71,98,25
23049,71,98,24
23065,71,98,24
23081,71,98,24
23097,71,98,23
23113,71,98,23
23129,71,98,22
23145,71,98,21
23161,71,98,21
23177,71,98,24
23194,71,98,31
23210,71,98,40
23226,71,98,50
23242,71,98,61
23258,71,98,72
23274,71,98,78
23290,71,98,81
23306,71,98,81
23322,71,98,79
23338,71,97,76
23355,71,97,73
23371,71,97,70
23387,71,97,67
23403,71,97,63
23419,71,97,60
23435,71,97,60
23451,71,97,57
23467,71,97,55
23483,71,97,52
23500,71,97,50
23516,71,97,49
23532,71,97,48
23548,71,97,48
23564,71,97,47
23580,71,97,46
23596,71,97,44
23612,71,97,43
23628,71,97,41
23644,71,97,40
23661,71,97,37
23677,71,97,35
23693,71,97,33
23709,71,97,31
23725,71,97,29
23741,71,97,27
23757,71,97,25
23773,71,97,24
23789,71,97,23
23805,71,97,22
23822,71,97,21
23838,71,97,21
23854,71,97,20
23870,71,97,20
23886,71,97,20
23902,71,97,19
23918,71,97,19
23934,71,97,18
23950,71,97,17
23966,71,97,17
23982,71,97,15
23999,71,97,14
24015,71,97,13
24031,71,97,13
24047,71,97,16
24063,71,97,23
24079,71,97,34
24095,71,97,45
24111,71,97,58
24127,71,97,70
24143,71,97,78
24159,71,97,81
24175,71,97,81
24191,71,97,79
24208,71,97,76
24224,71,97,72
24240,71,97,69
24256,71,97,66
24272,71,97,63
24288,71,97,59
24304,71,97,56
24320,71,97,56
24336,71,97,53
24352,71,97,51
24368,71,97,49
24385,71,97,48
24401,71,97,47
24417,71,97,46
24433,71,97,45
24449,71,97,44
24465,71,97,42
24481,71,97,40
24497,71,97,39
24513,71,97,37
24529,71,97,34
24546,71,97,32
24562,71,97,30
24578,71,97,28
24594,71,97,26
24610,71,97,24
24626,71,97,22
24642,71,97,21
24658,71,97,20
24674,71,97,19
24690,71,97,18
24706,71,97,18
24723,71,97,17
24739,71,97,16
24755,71,97,15
24771,71,97,15
24787,71,97,15
24803,71,97,14
24819,71,97,13
24835,71,97,12
24851,71,97,11
24867,71,97,10
24883,71,97,9
24899,71,97,7
24916,71,97,6
24932,71,97,5
24948,71,97,6
24964,71,97,13
24980,71,97,23
24996,71,97,37
25012,71,97,51
25028,71,97,66
25044,71,97,78
25060,71,97,84
25076,71,97,86
25092,71,97,85
25108,71,97,81
25125,71,97,77
25141,71,97,73
25157,71,97,69
25173,71,97,65
25189,71,97,61
25205,71,97,61
25221,71,97,58
25237,71,97,54
25253,71,97,52
25269,71,97,50
25286,71,97,49
25302,71,97,48
25318,71,97,48
25334,71,97,47
25350,71,97,46
25366,71,97,45
25382,71,97,43
25398,71,97,41
25414,71,97,39
25430,71,97,37
25447,71,97,34
25463,71,97,32
25479,71,97,29
25495,71,97,27
25511,71,97,25
25527,71,97,23
25543,71,97,22
25559,71,97,21
25576,71,97,20
25592,71,97,19
25608,71,97,18
25624,71,97,17
25640,71,97,16
25656,71,97,16
25672,71,97,16
25688,71,97,15
25704,71,97,14
25720,71,97,13
25737,71,97,12
25753,71,97,11
25769,71,97,10
25785,71,97,8
25801,71,97,7
25817,71,97,6
25833,71,97,6
25849,71,97,11
25865,71,97,20
25881,71,97,33
25898,71,97,46
25914,71,97,60
25930,71,97,73
25946,71,97,81
25962,71,97,83
25978,71,97,82
25994,71,97,79
26010,71,97,74
26026,71,97,70
26042,71,97,66
26059,71,97,61
26075,71,97,57
26091,71,97,53
26107,71,97,53
26123,71,97,50
26139,71,97,48
26155,71,97,46
26171,71,97,45
26187,71,97,45
26203,71,97,44
26220,71,97,44
26236,71,97,43
26252,71,97,42
26268,71,97,40
26284,71,97,39
26300,71,97,36
26316,71,97,34
26332,71,97,31
26348,71,97,28
26364,71,97,25
26381,71,97,23
26397,71,97,21
26413,71,97,18
26429,71,97,16
26445,71,97,15
26461,71,97,13
26477,71,97,12
26493,71,97,11
26510,71,97,10
26526,71,97,9
26542,71,97,8
26558,71,97,8
26574,71,97,8
26590,71,97,7
26606,71,97,6
26622,71,97,6
26638,71,97,5
26654,71,97,4
26671,71,97,4
26687,71,97,4
26703,71,97,6
26719,71,97,14
26735,71,97,26
26751,71,97,40
26767,71,97,56
26783,71,97,72
26799,71,97,85
26815,71,97,92
26832,71,97,94
26848,71,97,92
26864,71,97,88
26880,71,97,84
26896,71,97,79
26912,71,97,75
26928,71,97,70
26944,71,97,66
26960,71,97,61
26976,71,97,57
26993,71,97,54
27009,71,97,54
27025,71,97,51
27041,71,97,49
27057,71,97,48
27073,71,97,47
27089,71,97,46
27105,71,97,45
27121,71,97,43
27137,71,97,41
27153,71,97,40
27169,71,97,37
27185,71,97,34
27202,71,97,31
27218,71,97,27
27234,71,97,24
27250,71,97,21
27266,71,97,18
27282,71,97,15
27298,71,97,13
27314,71,97,11
27330,71,97,9
27346,71,97,7
27363,71,97,6
27379,71,97,5
27395,71,97,4
27411,71,97,4
27427,71,97,3
27443,71,97,3
27459,71,97,3
27475,71,97,2
27491,71,97,2
27507,71,97,2
27524,71,97,1
27540,71,97,1
27556,71,97,1
27572,71,97,3
27588,71,97,8
27604,71,97,19
27620,71,97,34
27636,71,97,50
27652,71,97,67
27669,71,97,83
27685,71,97,94
27701,71,97,99
27717,71,97,99
27733,71,97,95
27749,71,97,65
27765,71,97,63
27781,71,97,60
27797,71,97,58
27813,71,97,55
27829,71,97,53
27845,71,97,51
27861,71,97,49
27878,71,97,47
27894,71,97,47
27910,71,97,46
27926,71,97,45
27942,71,97,44
27958,71,97,44
27974,71,97,43
27990,71,97,43
28006,71,97,42
28022,71,97,40
28038,71,97,40
28054,71,97,38
28071,71,97,37
28087,71,97,35
28103,71,97,33
28119,71,97,32
28135,71,97,30
28151,71,97,29
28167,71,97,28
28183,71,97,26
28199,71,97,25
28215,71,97,24
28232,71,97,24
28248,71,97,23
28264,71,97,23
28280,71,97,22
28296,71,97,22
28312,71,97,22
28328,71,97,22
28344,71,97,22
28360,71,97,22
28376,71,97,22
28392,71,97,22
28409,71,97,22
28425,71,97,22
28441,71,97,24
28457,71,97,28
28473,71,97,34
28489,71,97,41
28505,71,97,50
28521,71,97,58
28537,71,97,64
28553,71,97,68
28570,71,97,68
28586,71,97,67
28602,71,97,65
28618,71,97,62
28634,71,97,59
28650,71,97,57
28666,71,97,54
28682,71,97,51
28698,71,97,49
28714,71,97,47
28731,71,97,45
28747,71,97,44
28763,71,97,44
28779,71,97,44
28795,71,97,43
28811,71,97,43
28827,71,97,43
28843,71,97,42
28859,71,97,41
28875,71,97,40
28892,71,97,40
28908,71,97,38
28924,71,97,37
28940,71,97,35
28956,71,97,33
28972,71,97,32
28988,71,97,30
29004,71,97,29
29020,71,97,27
29036,71,97,26
29052,71,97,26
29068,71,97,25
29084,71,97,24
29101,71,97,24
29117,71,97,24
29133,71,97,23
29149,71,97,23
29165,71,97,23
29181,71,97,23
29197,71,97,23
29213,71,97,23
29229,71,97,23
29245,71,97,23
29261,71,97,24
29277,71,97,27
29294,71,97,33
29310,71,97,40
29326,71,97,47
29342,71,97,55
29358,71,97,61
29374,71,97,65
29390,71,97,67
29406,71,97,66
29422,70,97,64
29438,70,97,61
29455,70,97,58
29471,70,97,56
29487,70,97,53
29503,70,97,50
29519,70,97,48
29535,70,97,46
29551,70,97,44
29567,70,97,44
29583,70,97,43
29600,70,97,44
29616,70,97,44
29632,70,97,44
29648,70,97,44
29664,70,97,44
29680,70,97,43
29696,70,97,42
29712,70,97,41
29728,70,97,40
29745,70,97,39
29761,70,97,37
29777,70,97,35
29793,70,97,34
29809,70,97,32
29825,70,97,31
29841,70,97,30
29857,70,97,29
29873,70,97,28
29889,70,97,27
29905,70,97,26
29922,70,97,26
29938,70,97,26
29954,70,97,25
29970,70,97,25
29986,70,97,25
30002,70,97,25
30018,70,97,27
30034,70,97,31
30050,70,97,38
30066,70,97,44
30083,70,97,52
30099,70,97,52
30115,70,97,60
30131,70,97,65
30147,70,97,68
30163,70,97,68
30179,70,97,67
30195,70,97,64
30211,70,97,62
30227,70,97,60
30243,70,97,57
30260,70,97,55
30276,70,97,53
30292,70,97,51
30308,70,97,49
30324,70,97,47
30340,70,97,47
30356,70,97,46
30372,70,97,46
30388,70,97,46
30404,70,97,45
30421,70,97,45
30437,70,97,44
30453,70,97,43
30469,70,97,41
30485,70,97,40
30501,70,97,39
30517,70,97,37
30533,70,97,36
30549,70,97,36
30566,70,97,34
30582,70,97,32
30598,70,97,31
30614,70,97,30
30630,70,97,29
30646,70,97,28
30662,70,97,27
30678,70,97,26
30695,70,97,26
30711,70,97,25
30727,70,97,25
30743,70,97,25
30759,70,97,27
30775,70,97,31
30791,70,97,37
30807,70,97,43
30823,70,97,51
30839,70,97,57
30855,70,97,62
30872,70,97,64
30888,70,97,64
30904,70,97,63
30920,70,97,61
30936,70,97,59
30952,70,97,57
30968,70,97,55
30984,70,97,53
31000,70,97,53
31016,70,97,51
31033,70,97,49
31049,70,97,47
31065,70,97,46
31081,70,97,45
31097,70,97,44
31113,70,97,44
31129,70,97,44
31145,70,97,43
31161,70,97,43
31177,70,97,42
31193,70,97,41
31210,70,97,40
31226,70,97,39
31242,70,97,38
31258,70,97,36
31274,70,97,35
31290,70,97,33
31306,70,97,32
31322,70,97,31
31338,70,97,30
31354,70,97,29
31371,70,97,28
31387,70,97,27
31403,70,97,27
31419,70,97,26
31435,70,97,25
31451,70,97,25
31467,70,97,25
31483,70,97,25
31499,70,97,24
31515,70,97,24
31532,70,97,24
31548,70,97,26
31564,70,97,31
31580,70,97,38
31596,70,97,44
31612,70,97,51
31628,70,97,58
31644,70,97,62
31661,70,97,64
31677,70,97,64
31693,70,97,63
31709,71,97,61
31725,71,97,59
31741,71,97,56
31757,71,97,54
31773,71,97,52
31789,71,97,50
31805,71,97,49
31821,71,97,47
31837,71,97,46
31854,71,97,45
31870,71,97,45
31886,71,97,44
31902,71,97,44
31918,71,97,44
31934,71,97,43
31950,71,97,42
31966,71,97,42
31982,71,97,41
31998,71,97,40
32015,71,97,39
32031,71,97,38
32047,71,97,36
32063,71,97,35
32079,71,97,34
32095,71,97,32
32111,71,97,31
32127,71,97,30
32143,71,97,29
32159,71,97,28
32176,71,97,28
32192,71,97,27
32208,71,97,27
32224,71,97,26
32240,71,97,26
32256,71,97,25
32272,71,97,25
32288,71,97,24
32304,71,97,24
32320,71,97,23
32336,71,97,23
32353,71,97,23
32369,71,97,23
32385,71,97,26
32401,71,97,31
32417,71,97,38
32433,71,97,45
32449,71,97,52
32465,71,97,59
32481,71,97,63
32497,71,97,65
32514,71,97,64
32530,71,97,63
32546,71,97,61
32562,71,97,59
32578,71,97,56
32594,71,97,54
32610,71,97,52
32626,71,97,50
32642,71,97,49
32659,71,97,47
32675,71,97,46
32691,71,97,45
32707,71,97,45
32723,71,97,44
32739,71,97,44
32755,71,97,43
32771,71,97,43
32787,71,97,43
32803,71,97,42
32819,71,97,41
32836,71,97,40
32852,71,97,39
32868,71,97,38
32884,71,97,36
32900,71,97,35
32916,71,97,34
32932,71,97,32
32948,71,97,31
32964,71,97,30
32980,71,97,29
32996,71,97,29
33012,71,97,28
33028,71,97,27
33045,71,97,27
33061,71,97,26
33077,71,97,26
33093,71,97,25
33109,71,97,25
33125,71,97,24
33141,71,97,24
33157,71,97,24
33173,71,97,23
33189,71,97,23
33206,71,97,24
33222,71,97,24
33238,71,97,27
33254,71,97,32
33270,71,97,39
33286,71,97,45
33302,71,97,53
33318,71,97,59
33334,71,97,63
33350,71,97,64
33367,71,97,63
33383,71,97,61
33399,71,97,59
33415,71,97,56
33431,71,97,54
33447,71,97,52
33463,71,97,50
33479,71,97,48
33495,71,97,46
33511,71,97,45
33527,71,97,44
33544,71,97,44
33560,71,97,44
33576,71,97,44
33592,71,97,43
33608,71,97,43
33624,71,97,42
33640,71,97,41
33656,71,97,40
33672,71,97,40
33689,71,97,40
33705,71,97,38
33721,71,97,37
33737,71,97,35
33753,71,97,34
33769,71,97,33
33785,71,97,32
33801,71,97,31
33817,71,97,31
33833,71,97,30
33849,71,97,30
33866,71,97,29
33882,71,97,29
33898,71,97,29
33914,71,97,29
33930,71,97,29
33946,71,97,28
33962,71,97,28
33978,71,97,28
33994,71,97,27
34010,71,97,27
34027,71,97,28
34043,71,97,31
34059,71,97,36
34075,71,97,41
34091,71,97,49
34107,71,97,56
34123,71,97,56
34139,71,97,61
34155,71,97,64
34171,71,97,65
34188,71,97,64
34204,72,97,62
34220,72,97,60
34236,72,97,57
34252,72,97,55
34268,72,97,53
34284,72,97,51
34300,72,97,49
34316,72,97,47
34332,72,97,46
34348,72,97,45
34365,72,97,45
34381,72,97,45
34397,72,97,44
34413,72,97,44
34429,72,97,44
34445,72,97,43
34461,72,97,42
34477,72,97,41
34493,72,97,40
34509,72,97,39
34526,72,97,37
34542,72,97,36
34558,72,97,36
34574,72,97,35
34590,72,97,33
34606,72,97,32
34622,72,97,31
34638,72,97,30
34654,72,97,30
34670,72,97,29
34687,72,97,28
34703,72,97,28
34719,72,97,27
34735,72,97,27
34751,72,97,27
34767,72,97,26
34783,72,97,26
34799,72,97,25
34815,72,97,25
34831,72,97,24
34848,72,97,25
34864,72,97,28
34880,72,97,33
34896,72,97,40
34912,72,97,47
34928,72,97,54
34944,72,97,60
34960,72,97,64
34976,72,97,66
34992,72,97,65
35008,72,97,65
35025,73,96,64
35041,73,96,62
35057,73,96,60
35073,73,96,58
35089,73,96,56
35105,73,96,54
35121,73,96,52
35137,73,96,50
35153,73,96,49
35169,73,96,47
35185,73,96,47
35201,73,96,46
35218,73,96,46
35234,73,96,45
35250,73,96,45
35266,73,96,44
35282,73,96,43
35298,73,96,42
35314,73,96,41
35330,73,96,40
35346,73,96,40
35362,73,96,39
35378,73,96,38
35394,73,96,37
35411,73,96,36
35427,73,96,35
35443,73,96,35
35459,73,96,34
35475,73,96,34
35491,73,96,34
35507,73,96,33
35523,73,96,33
35539,73,96,33
35555,73,96,32
35572,73,96,32
35588,73,96,32
35604,73,96,32
35620,73,96,31
35636,73,96,31
35652,73,96,30
35668,73,96,30
35684,73,96,29
35700,73,96,30
35716,73,96,32
35732,73,96,37
35749,73,96,42
35765,73,96,48
35781,73,96,55
35797,73,96,60
35813,73,96,63
35829,73,96,64
35845,73,96,63
35861,73,96,62
35877,73,96,60
35893,73,96,60
35910,73,96,58
35926,73,96,56
35942,73,96,54
35958,73,96,53
35974,73,96,51
35990,73,96,50
36006,73,96,48
36022,73,96,47
36038,73,96,47
36054,73,96,46
36071,73,96,46
36087,73,96,45
36103,73,96,45
36119,73,96,44
36135,73,96,43
36151,73,96,42
36167,73,96,41
36183,73,96,40
36199,73,96,40
36215,73,96,38
36232,73,96,37
36248,73,96,36
36264,73,96,35
36280,73,96,34
36296,73,96,33
36312,73,96,32
36328,73,96,32
36344,73,96,32
36360,73,96,31
36376,73,96,31
36393,73,96,30
36409,73,96,30
36425,73,96,29
36441,73,96,29
36457,73,96,28
36473,73,96,28
36489,73,96,27
36505,73,96,27
36521,73,96,26
36537,73,96,25
36553,73,96,24
36570,73,96,24
36586,73,96,25
36602,73,96,29
36618,73,96,34
36634,73,96,40
36650,73,96,47
36666,73,96,54
36682,73,96,59
36698,73,96,62
36715,73,96,62
36731,73,96,61
36747,73,96,59
36763,73,96,57
36779,73,96,57
36795,73,96,55
36811,73,96,53
36827,73,96,51
36843,73,96,49
36859,73,96,47
36876,73,96,46
36892,73,96,44
36908,73,96,43
36924,73,96,43
36940,73,96,43
36956,73,96,43
36972,73,96,42
36988,73,96,42
37004,73,96,41
37020,73,96,41
37037,73,96,40
37053,73,96,39
37069,73,96,38
37085,73,96,36
37101,73,96,35
37117,73,96,34
37133,73,96,33
37149,73,96,32
37165,73,96,31
37181,73,96,30
37197,73,96,29
37214,73,96,28
37230,73,96,28
37246,73,96,28
37262,73,96,27
37278,73,96,27
37294,73,96,27
37310,73,96,26
37326,73,96,26
37342,73,96,25
37358,73,96,25
37374,73,96,24
37390,73,96,24
37407,73,96,23
37423,73,96,23
37439,73,96,23
37455,73,96,25
37471,73,96,29
37487,73,96,36
37503,73,96,42
37519,73,96,50
37535,73,96,56
37551,73,96,61
37568,73,96,63
37584,73,96,62
37600,73,96,61
37616,73,96,58
37632,73,96,56
37648,73,96,53
37664,73,96,51
37680,73,96,51
37696,73,96,49
37713,73,96,46
37729,73,96,45
37745,73,96,44
37761,73,96,43
37777,73,96,42
37793,73,96,42
37809,73,96,43
37825,73,96,43
37841,73,96,43
37857,73,96,42
37874,73,96,41
37890,73,96,40
37906,73,96,40
37922,73,96,39
37938,73,96,38
37954,73,96,36
37970,73,96,35
37986,73,96,34
38002,73,96,33
38018,73,96,32
38035,73,96,31
38051,73,96,30
38067,73,96,30
38083,73,96,29
38099,73,96,28
38115,73,96,28
38131,73,96,28
38147,73,96,28
38163,73,96,27
38179,73,96,27
38196,73,96,26
38212,73,96,26
38228,73,96,25
38244,73,96,25
38260,73,96,24
38276,73,96,24
38292,73,96,26
38308,73,96,30
38324,73,96,37
38340,73,96,43
38356,73,96,50
38373,73,96,57
38389,73,96,63
38405,73,96,65
38421,73,96,65
38437,73,96,63
38453,73,96,61
38469,73,96,58
38485,73,96,56
38501,73,96,53
38517,73,96,51
38533,73,96,49
38550,73,96,47
38566,73,96,47
38582,73,96,46
38598,73,96,45
38614,73,96,44
38630,73,96,44
38646,73,96,44
38662,73,96,44
38679,73,96,44
38695,73,96,43
38711,73,96,43
38727,73,96,42
38743,73,96,40
38759,73,96,40
38775,73,96,38
38791,73,96,37
38807,73,96,36
38824,73,96,34
38840,73,96,33
38856,73,96,32
38872,73,96,31
38888,73,96,30
38904,73,96,30
38920,73,96,29
38936,73,96,29
38952,73,96,28
38968,73,96,28
38984,73,96,28
39001,73,96,28
39017,73,96,28
39033,73,96,27
39049,73,96,27
39065,73,96,26
39081,73,96,26
39097,73,96,26
39113,73,96,26
39129,73,96,29
39145,73,96,35
39161,73,96,41
39178,73,96,48
39194,73,96,55
39210,73,96,61
39226,73,96,65
39242,73,96,65
39258,73,96,64
39274,73,96,62
39290,72,96,60
39306,72,96,58
39322,72,96,56
39339,72,96,54
39355,72,96,52
39371,72,96,50
39387,72,96,49
39403,72,96,47
39419,72,96,46
39435,72,96,45
39451,72,96,45
39467,72,96,45
39483,72,96,44
39500,72,96,44
39516,72,96,43
39532,72,96,43
39548,72,96,42
39564,72,96,40
39580,72,96,40
39596,72,96,38
39612,72,96,37
39628,72,96,35
39645,72,96,34
39661,72,96,33
39677,72,96,31
39693,72,96,30
39709,72,96,30
39725,72,96,29
39741,72,96,28
39757,72,96,28
39773,72,96,27
39790,72,96,27
39806,72,96,26
39822,72,96,26
39838,72,96,26
39854,72,96,25
39870,72,96,25
39886,72,96,25
39902,72,96,25
39918,72,96,25
39934,72,96,27
39951,72,96,31
39967,72,96,37
39983,72,96,43
39999,72,96,50
40015,72,96,57
40031,72,96,61
40047,72,96,63
40063,72,96,63
40079,72,96,62
40095,72,96,60
40111,72,96,58
40128,72,96,56
40144,72,96,54
40160,72,96,52
40176,72,96,50
40192,72,96,48
40208,72,96,47
40224,72,96,46
40240,72,96,45
40256,72,96,44
40272,72,96,44
40288,72,96,44
40304,72,96,43
40321,72,96,43
40337,72,96,42
40353,72,96,42
40369,72,96,41
40385,72,96,40
40401,72,96,40
40417,72,96,38
40433,72,96,37
40449,72,96,36
40465,72,96,34
40481,72,96,33
40497,72,96,32
40513,72,96,32
40530,72,96,31
40546,72,96,30
40562,72,96,30
40578,72,96,30
40594,72,96,29
40610,72,96,29
40626,72,96,29
40642,72,96,28
40658,72,96,28
40674,72,96,27
40691,72,96,27
40707,72,96,27
40723,72,96,27
40739,72,96,29
40755,72,96,34
40771,72,96,40
40787,72,96,45
40803,72,96,45
40819,72,96,52
40836,72,96,57
40852,72,96,61
40868,72,96,62
40884,72,96,62
40900,72,96,60
40916,72,96,58
40932,72,96,56
40948,72,96,55
40964,72,96,53
40980,72,96,51
40996,72,96,49
41013,72,96,48
41029,72,96,46
41045,72,96,45
41061,72,96,44
41077,72,96,44
41093,72,96,43
41109,72,96,43
41125,72,96,43
41141,72,96,42
41157,72,96,41
41173,72,96,40
41189,72,96,40
41206,72,96,39
41222,72,96,38
41238,72,96,38
41254,72,96,37
41270,72,96,36
41286,72,96,35
41302,72,96,34
41318,72,96,33
41334,72,96,33
41350,72,96,32
41366,72,96,32
41382,72,96,31
41399,72,96,31
41415,72,96,31
41431,72,96,30
41447,72,96,30
41463,72,96,30
41479,72,96,29
41495,72,96,29
41511,72,96,28
41527,72,96,28
41543,72,96,27
41559,72,96,27
41575,72,96,29
41591,72,96,32
41608,72,96,37
41624,72,96,42
41640,72,96,49
41656,72,96,55
41672,72,96,55
41688,72,96,59
41704,72,96,61
41720,72,96,61
41736,72,96,60
41752,72,96,59
41769,72,96,57
41785,72,96,55
41801,72,96,53
41817,72,96,51
41833,72,96,50
41849,72,96,48
41865,72,96,47
41881,72,96,46
41897,72,96,45
41913,72,96,44
41929,72,96,44
41945,72,96,43
41962,72,96,43
41978,72,96,43
41994,72,96,42
42010,72,96,41
42026,72,96,40
42042,72,96,40
42058,72,96,39
42074,72,96,38
42090,72,96,37
42106,72,96,37
42122,72,96,36
42138,72,96,35
42155,72,96,34
42171,72,96,33
42187,72,96,33
42203,72,96,32
42219,72,96,32
42235,72,96,31
42251,72,96,31
42267,72,96,31
42283,72,96,31
42299,72,96,30
42315,72,96,30
42332,72,96,30
42348,72,96,29
42364,72,96,29
42380,72,96,29
42396,72,96,28
42412,72,96,28
42428,72,96,27
42444,72,96,27
42460,72,96,28
42476,72,96,31
42493,72,96,35
42509,72,96,41
42525,72,96,47
42541,72,96,53
42557,72,96,53
42573,72,96,58
42589,72,96,61
42605,72,96,62
42621,72,96,61
42637,72,96,59
42654,72,96,57
42670,72,96,56
42686,72,96,54
42702,72,96,52
42718,72,96,50
42734,72,96,49
42750,72,96,47
42766,72,96,46
42782,72,96,45
42798,72,96,45
42815,72,96,44
42831,72,96,44
42847,72,96,44
